Datenum,Smoothed S,Smoothed U,Smoothed V
07-Jan-2020,196.459548488015,-184.720505143346,61.346562668523
08-Jan-2020,196.414147781677,-185.405602774759,58.8951886370049
09-Jan-2020,196.392042749664,-186.057241620971,56.634472618864
10-Jan-2020,196.393233391975,-186.675421681982,54.5644146141004
11-Jan-2020,196.41771970861,-187.260142957792,52.685014622714
12-Jan-2020,196.46550169957,-187.811405448401,50.9962726447048
13-Jan-2020,196.536579364855,-188.329209153809,49.4981886800729
14-Jan-2020,196.630952704464,-188.813554074016,48.1907627288181
15-Jan-2020,196.748621718397,-189.264440209023,47.0739947909406
16-Jan-2020,196.889586406655,-189.681867558828,46.1478848664404
17-Jan-2020,197.053846769238,-190.065836123432,45.4124329553173
18-Jan-2020,197.241402806145,-190.416345902836,44.8676390575715
19-Jan-2020,197.452254517376,-190.733396897038,44.513503173203
20-Jan-2020,197.778212524303,-191.087819478585,44.458742226313
21-Jan-2020,198.160613859757,-191.433265622843,44.6160437527209
22-Jan-2020,198.569538958702,-191.74377860054,44.9703923648935
23-Jan-2020,198.976124650141,-191.997113001668,45.4976805811367
24-Jan-2020,199.352564157121,-192.174734735487,46.1647088255957
25-Jan-2020,199.672107096728,-192.26182103052,46.9291854282549
26-Jan-2020,199.909059480091,-192.247260434559,47.7397266249382
27-Jan-2020,200.036506176365,-192.046014850273,48.7784823713713
28-Jan-2020,200.065581489563,-191.685730180867,50.0038982214294
29-Jan-2020,199.999736076605,-191.201519089556,51.3356163184392
30-Jan-2020,199.848750662109,-190.608075255068,52.7638799969844
31-Jan-2020,199.622268008428,-189.920839057994,54.2755985689524
01-Feb-2020,199.342304293772,-189.177083987796,55.8220884607953
02-Feb-2020,199.036077681268,-188.38219595936,57.4908305080479
03-Feb-2020,198.728291509602,-187.587443675311,59.1860370358027
04-Feb-2020,198.452302181951,-186.864498601259,60.7599060076973
05-Feb-2020,198.224057743041,-186.245814321038,62.1552527564222
06-Feb-2020,198.062356143468,-185.767228976778,63.3174947524646
07-Feb-2020,197.985511678576,-185.463432946467,64.1940001095239
08-Feb-2020,198.007897599619,-185.337107606053,64.8183030518858
09-Feb-2020,198.133603902718,-185.389327405967,65.1979447946589
10-Feb-2020,198.366442962118,-185.619702791929,65.3440033673203
11-Feb-2020,198.709949530194,-186.026380204951,65.2710936137156
12-Feb-2020,199.167380737448,-186.606042081334,64.9973671920591
13-Feb-2020,199.741716092509,-187.353906852669,64.5445125749332
14-Feb-2020,200.409940015657,-188.205426588119,64.0706414609867
15-Feb-2020,201.127033895733,-189.11940189034,63.5511711023903
16-Feb-2020,201.847966628746,-190.051935829884,62.9710791964725
17-Feb-2020,202.527694617879,-190.956433945206,62.3249038857194
18-Feb-2020,203.121161773484,-191.783604242656,61.6167437577747
19-Feb-2020,203.583299513084,-192.481457196487,60.8602578454399
20-Feb-2020,203.880760423129,-193.110068127509,59.7719576111571
21-Feb-2020,204.026671774051,-193.658450480724,58.4406757466875
22-Feb-2020,204.047251030084,-194.102645468965,57.0206850920655
23-Feb-2020,203.968764280154,-194.444718279677,55.5930220590298
24-Feb-2020,203.825542899672,-194.70130644099,54.2153548379602
25-Feb-2020,203.641571609808,-194.872588733671,52.9694560474106
26-Feb-2020,203.433919131053,-194.985457917177,51.789881821708
27-Feb-2020,203.234598376661,-195.076224180523,50.6601803723593
28-Feb-2020,203.058002284515,-195.141518766168,49.6612244811173
29-Feb-2020,202.933090862491,-195.210691298262,48.8026091062076
01-Mar-2020,202.885450062295,-195.309693930318,48.0907435952178
02-Mar-2020,202.939886828573,-195.464609583912,47.5293588485745
03-Mar-2020,203.213972419121,-195.743947931639,47.3036858935425
04-Mar-2020,203.660338981733,-196.114925738053,47.3642446441214
05-Mar-2020,204.235898930611,-196.547851801455,47.6665792012076
06-Mar-2020,204.901844946368,-197.016126953889,48.1712578525947
07-Mar-2020,205.623649976023,-197.496244061148,48.8438730729726
08-Mar-2020,206.371067233004,-197.967788022768,49.6550415239285
09-Mar-2020,206.989559451579,-198.378799727108,50.195452654537
10-Mar-2020,207.454973071615,-198.709627473332,50.4652373280115
11-Mar-2020,207.742946348184,-198.942620243416,50.4554466497029
12-Mar-2020,207.828909351558,-199.062127702147,50.1480519671
13-Mar-2020,207.688083967209,-199.05450019712,49.5159448698292
14-Mar-2020,207.295483895813,-198.908088758745,48.522937189655
15-Mar-2020,206.670354047803,-198.556817399619,47.4776209396659
16-Mar-2020,205.862096181787,-198.033351659692,46.4381526526057
17-Mar-2020,204.919623485703,-197.369362471511,45.4633439578319
18-Mar-2020,203.891360576823,-196.595526160226,44.6126615813158
19-Mar-2020,202.825243501746,-195.741524443585,43.9462273456428
20-Mar-2020,201.768719736403,-194.836044431935,43.5248181700119
21-Mar-2020,200.810974240123,-193.948183539183,43.468293367797
22-Mar-2020,199.99533976729,-193.128431721729,43.7320286574467
23-Mar-2020,199.366232418116,-192.427160141323,44.2767655855642
24-Mar-2020,198.969151638639,-191.894621165068,45.0686115269073
25-Mar-2020,198.850680220728,-191.580948365419,46.0790396843889
26-Mar-2020,199.058484302078,-191.53615652018,47.2848890890764
27-Mar-2020,199.433623935423,-191.678876205405,48.3558033309159
28-Mar-2020,199.946711886012,-191.993284171368,49.2382891396732
29-Mar-2020,200.56405730859,-192.460418377225,49.8741760265969
30-Mar-2020,201.2476657474,-193.058177991007,50.2006162844185
31-Mar-2020,201.95523913618,-193.761323389623,50.1500849873523
01-Apr-2020,202.640175798167,-194.541476158862,49.6503799910953
02-Apr-2020,203.33557604884,-195.41846284405,48.7814367959429
03-Apr-2020,204.019919364475,-196.343106107715,47.6606228057883
04-Apr-2020,204.669519747462,-197.265266349547,46.401249864658
05-Apr-2020,205.258525726311,-198.133841706404,45.1125742567113
06-Apr-2020,205.75892035565,-198.896768052305,43.8997967062406
07-Apr-2020,206.140521216225,-199.501018998434,42.8640623776712
08-Apr-2020,206.495074226293,-200.013959254854,42.1368269447436
09-Apr-2020,206.852749954362,-200.429022053574,41.8206369610996
10-Apr-2020,207.214976560963,-200.736521475286,41.9564424253232
11-Apr-2020,207.587317961282,-200.928511454671,42.5930130208243
12-Apr-2020,207.965775159866,-201.00306927936,43.733968684214
13-Apr-2020,208.349170301305,-200.960423163891,45.3856657395966
14-Apr-2020,208.70861820736,-200.805170192049,47.3575402005906
15-Apr-2020,209.031900415161,-200.557381672769,49.5350141487105
16-Apr-2020,209.29584990962,-200.235579318604,51.7826540642984
17-Apr-2020,209.498528072303,-199.860393340318,54.008860050267
18-Apr-2020,209.640833001937,-199.461592200662,56.0968814682311
19-Apr-2020,209.72514215777,-199.0703880982,57.9285507809432
20-Apr-2020,209.690709653641,-198.630454113487,59.5062929121797
21-Apr-2020,209.565502457603,-198.187179856873,60.770372674663
22-Apr-2020,209.376120321532,-197.783970301837,61.6624378073243
23-Apr-2020,209.147795781135,-197.462245784995,62.1255189753038
24-Apr-2020,208.904394155949,-197.26144200609,62.1040297699502
25-Apr-2020,208.668413549335,-197.219010028002,61.5437667088211
26-Apr-2020,208.220317128529,-197.089366449657,60.5418944618084
27-Apr-2020,207.712895204449,-196.993580032936,59.2290938921661
28-Apr-2020,207.285759606173,-197.038620228112,57.7382250484096
29-Apr-2020,207.06534368093,-197.31735717386,56.204327164316
30-Apr-2020,207.16490229411,-197.908561697251,54.7646186589239
01-May-2020,207.684511829257,-198.876905313754,53.5584971365333
02-May-2020,208.609282787581,-200.218479628774,52.4839081745652
03-May-2020,210.023468692107,-201.99872160426,51.6284854990565
04-May-2020,212.012259942641,-204.271589185525,51.1028240968283
05-May-2020,214.632072708458,-207.077066029409,50.9705239714942
06-May-2020,217.929277423417,-210.435305204586,51.3206087127041
07-May-2020,221.930558278811,-214.349643726298,52.2302479823731
08-May-2020,226.939151842019,-219.095841788103,53.8688044511008
09-May-2020,232.777055343125,-224.519436954425,56.1337736616068
10-May-2020,239.284893916034,-230.46860993627,58.9539547803404
11-May-2020,246.284368704428,-236.792929917284,62.2033760043869
12-May-2020,253.591690153393,-243.332871419029,65.7704519383887
13-May-2020,261.018634659349,-249.925804185885,69.5395077110486
14-May-2020,268.627044454876,-256.614363226423,73.5583269278347
15-May-2020,276.169239022798,-263.198189406005,77.6488257703447
16-May-2020,283.403362539531,-269.481972866899,81.6361030231248
17-May-2020,290.093383875087,-275.275453028285,85.348440073669
18-May-2020,296.009096593075,-280.393418586251,88.6173009124199
19-May-2020,300.926118950696,-284.655707513795,91.2773321327676
20-May-2020,304.856365582388,-288.107787023414,93.230733189769
21-May-2020,307.8613175971,-290.802400675697,94.5192134536739
22-May-2020,310.00964393462,-292.799627756797,95.1849714072011
23-May-2020,311.377201365571,-294.166883278429,95.2706946455374
24-May-2020,312.047034491414,-294.978917977872,94.8195598763383
25-May-2020,312.109375744446,-295.317818317966,93.8752329197275
26-May-2020,312.080237029268,-295.615626428249,92.801354752857
27-May-2020,312.002848608816,-295.886366229827,91.6913015864504
28-May-2020,311.9439610653,-296.165570537668,90.6490368869621
29-May-2020,311.993845300203,-296.510281060603,89.7891113765775
30-May-2020,312.266292534279,-296.999048401323,89.2366630332126
31-May-2020,312.898614307553,-297.731932056384,89.1274170905146
01-Jun-2020,313.617794650977,-298.454968885974,89.3043310199149
02-Jun-2020,314.346152599499,-299.097782419255,89.7336803995362
03-Jun-2020,315.020666055545,-299.603503879615,90.3863153915744
04-Jun-2020,315.592971789013,-299.928772184671,91.2376607422978
05-Jun-2020,316.029365437274,-300.043733946271,92.2677157820476
06-Jun-2020,316.310801505177,-299.932043470488,93.4610544252379
07-Jun-2020,315.081197227131,-298.336137197961,94.3208976703033
08-Jun-2020,313.374298195538,-296.296109327136,95.0322949380779
09-Jun-2020,311.484099055888,-294.134412544624,95.5488632682236
10-Jun-2020,309.421119482141,-291.87811378164,95.817576283516
11-Jun-2020,307.187638831583,-289.548058972419,95.7784812815959
12-Jun-2020,304.777696144824,-287.158873054213,95.3646992349682
13-Jun-2020,302.164388816102,-284.649712683333,94.6841685709306
14-Jun-2020,299.681698105702,-282.321866065244,93.8838696248978
15-Jun-2020,298.621339502353,-281.397916289557,93.3567414546357
16-Jun-2020,298.418547098026,-281.284956782363,93.1038587296569
17-Jun-2020,299.078189670753,-281.986846310279,93.1355451950156
18-Jun-2020,300.617587188591,-283.518629431848,93.4680656630072
19-Jun-2020,302.756108993624,-285.586663700767,94.0531118551864
20-Jun-2020,305.474690293171,-288.179025316933,94.8856684073678
21-Jun-2020,308.734544990199,-291.261640935294,95.9347005356104
22-Jun-2020,311.854564872431,-294.176749613683,97.0400614046298
23-Jun-2020,314.692938498424,-296.782784771789,98.1714765851413
24-Jun-2020,317.115916861161,-298.944579781023,99.3042667246602
25-Jun-2020,318.822448524864,-300.398404119652,100.30920304616
26-Jun-2020,319.588362924838,-300.945084777828,101.078373190824
27-Jun-2020,319.25668272335,-300.480358129083,101.427129659539
28-Jun-2020,317.335574908161,-298.500883890409,101.315740745649
29-Jun-2020,313.711949559906,-294.912306189422,100.677269284103
30-Jun-2020,308.26845708093,-289.615478902541,99.4457804319833
01-Jul-2020,302.644120850155,-284.228200794674,97.9790652471941
02-Jul-2020,296.626102560247,-278.560107243049,96.144142657012
03-Jul-2020,290.065924084044,-272.473631234498,93.8805768271402
04-Jul-2020,283.0110813345,-265.971716891996,91.3034884635089
05-Jul-2020,275.6625549064,-259.243792352333,88.4727771748442
06-Jul-2020,268.226950995631,-252.484157320086,85.4511864735903
07-Jul-2020,261.768794192793,-246.674218498795,82.6387467576589
08-Jul-2020,256.715060367931,-242.195910942292,80.2260245351582
09-Jul-2020,251.425411815822,-237.402103095918,77.9785153688908
10-Jul-2020,246.701856680858,-233.1474065426,75.8708813835545
11-Jul-2020,242.714622219044,-229.584143379341,73.985092690405
12-Jul-2020,239.624372088113,-226.855469214339,72.4001893212107
13-Jul-2020,237.557352045953,-225.115665854419,71.1058016038953
14-Jul-2020,236.19380274528,-224.042356249633,70.0402811002403
15-Jul-2020,234.776256645349,-222.912110113653,68.9949461987623
16-Jul-2020,233.990452065501,-222.329311268835,68.2907750185898
17-Jul-2020,233.723197468882,-222.182786938245,67.9048855294832
18-Jul-2020,233.854403057966,-222.355342454766,67.8108505201203
19-Jul-2020,234.164155991244,-222.663013244675,67.8633091802956
20-Jul-2020,234.485860426123,-222.9551775587,67.9881272134555
21-Jul-2020,234.525748875108,-222.862007328593,68.38412339264
22-Jul-2020,234.411727904189,-222.599035884664,68.7973706345517
23-Jul-2020,234.11103672977,-222.152076215908,69.175249531402
24-Jul-2020,233.585699827785,-221.5024113081,69.4623865715846
25-Jul-2020,233.351001322877,-221.184467597947,69.6850116432007
26-Jul-2020,232.981157341966,-220.770233559626,69.7664035338227
27-Jul-2020,232.148120891272,-219.862545248733,69.847304649636
28-Jul-2020,230.680956344318,-218.367465647498,69.6858692230257
29-Jul-2020,228.749337594349,-216.454237934983,69.3112754345127
30-Jul-2020,226.511052246373,-214.280538067478,68.7496521891494
31-Jul-2020,223.923554929191,-211.790414131914,68.0332253368548
01-Aug-2020,221.054527437175,-209.047282291444,67.1852447013026
02-Aug-2020,218.388890937445,-206.640908481802,66.0202687000997
03-Aug-2020,216.138851734827,-204.702134289424,64.7831851819062
04-Aug-2020,214.499248636929,-203.397129499451,63.5901988697941
05-Aug-2020,213.654941197879,-202.884334638533,62.5500444761534
06-Aug-2020,213.123948768035,-202.664689118433,61.6127494413873
07-Aug-2020,213.587796066863,-203.330935919515,61.1319547707116
08-Aug-2020,215.40275387033,-205.171191100188,61.3585731163222
09-Aug-2020,218.157998222897,-207.825087048455,62.1008887586057
10-Aug-2020,221.74336522347,-211.184877512279,63.3288251884187
11-Aug-2020,226.03841465778,-215.133205846819,65.0093981710208
12-Aug-2020,231.264045636951,-219.860724168233,67.2319641342407
13-Aug-2020,237.095813682858,-225.06514070497,69.8923764070145
14-Aug-2020,243.302423867727,-230.58384118347,72.7556050152288
15-Aug-2020,249.685140265525,-236.252286291785,75.7075163952495
16-Aug-2020,255.970459252939,-241.826365570284,78.6296723704399
17-Aug-2020,261.89931529037,-247.07590648378,81.4070048448232
18-Aug-2020,266.802214752238,-251.336073312716,83.9353116390919
19-Aug-2020,270.208409314372,-254.166657715954,86.0620585641084
20-Aug-2020,272.039012294095,-255.576389187521,87.5155280957568
21-Aug-2020,272.623142840442,-255.868506465304,88.4126798911538
22-Aug-2020,271.920533259244,-255.021367499022,88.6980467849141
23-Aug-2020,269.915792729029,-253.036962280728,88.3237765224054
24-Aug-2020,266.667716385604,-250.006288386744,87.2338758932244
25-Aug-2020,262.184940673966,-245.944490915375,85.4039429163442
26-Aug-2020,256.679869801224,-240.998258639662,82.9896057722572
27-Aug-2020,250.113721079226,-235.063960903624,80.2115583280287
28-Aug-2020,242.780792323549,-228.398043898319,77.1873779799769
29-Aug-2020,234.927061857391,-221.216501254792,74.0423382892453
30-Aug-2020,227.476182936165,-214.374826572447,71.0957181015844
31-Aug-2020,219.90401828054,-207.384974887948,68.1926124956029
01-Sep-2020,212.297582832602,-200.325974672144,65.3762219833291
02-Sep-2020,204.853560074702,-193.368183256252,62.7309135996964
03-Sep-2020,197.841410743249,-186.767762807329,60.3288118488582
04-Sep-2020,191.539857142017,-180.788383320319,58.2482246990151
05-Sep-2020,185.454587656002,-174.962735721296,56.3863519895976
06-Sep-2020,179.734443299304,-169.452056282384,54.733335212855
07-Sep-2020,174.380151884747,-164.323322345191,53.0663476711162
08-Sep-2020,169.507953194843,-159.703466383433,51.3910494562358
09-Sep-2020,165.158852938468,-155.628582749921,49.7388532061585
10-Sep-2020,161.357726882201,-152.119440072347,48.1370346008435
11-Sep-2020,157.941553209399,-149.042856595644,46.4440230763857
12-Sep-2020,155.024926362226,-146.498555489653,44.7527142581018
13-Sep-2020,152.712618704375,-144.579951140998,43.10481475576
14-Sep-2020,150.942512577349,-143.233067654983,41.4749632974313
15-Sep-2020,149.685834070133,-142.427882564083,39.864857736302
16-Sep-2020,148.897958142382,-142.119862358323,38.27049032169
17-Sep-2020,148.491360327028,-142.211537958232,36.6364498786874
18-Sep-2020,148.325776065926,-142.545920969348,34.9960991325329
19-Sep-2020,148.508118271947,-143.113990494879,33.7936433338256
20-Sep-2020,149.004148944623,-143.951830688117,32.716939612834
21-Sep-2020,149.722552670023,-144.964528167162,31.8004330356337
22-Sep-2020,150.617341106332,-146.095272486044,31.0763555040604
23-Sep-2020,151.379619355489,-147.030771740512,30.559181287628
24-Sep-2020,152.040082570098,-147.773494352148,30.3290265790753
25-Sep-2020,152.643667684107,-148.355313711843,30.431179596866
26-Sep-2020,153.176834483079,-148.790501539341,30.7428413645451
27-Sep-2020,153.601304417595,-149.051477700183,31.2300380595096
28-Sep-2020,153.87057632484,-149.103374234854,31.8544759373902
29-Sep-2020,154.150949175104,-149.150197451136,32.5091293766287
30-Sep-2020,154.494166860877,-149.272219910536,33.1179776150261
01-Oct-2020,154.777201977204,-149.396365435589,33.5340527120275
02-Oct-2020,155.199902075041,-149.679764154929,33.9057662337558
03-Oct-2020,155.78685080879,-150.147039301443,34.2487037626663
04-Oct-2020,156.556385101959,-150.817518984959,34.5734738755515
05-Oct-2020,157.701844560334,-151.86179072789,35.0620046284937
06-Oct-2020,159.175802735063,-153.258356391519,35.5605504547296
07-Oct-2020,160.954003985758,-154.989812884168,36.004235514867
08-Oct-2020,163.046924329784,-157.048384302143,36.4419262068855
09-Oct-2020,165.416849850614,-159.387136797145,36.9043276783554
10-Oct-2020,168.026246014464,-161.960746537798,37.415689615282
11-Oct-2020,170.795237718225,-164.625528343964,38.2647667101114
12-Oct-2020,173.610253338048,-167.264893612395,39.439040301149
13-Oct-2020,176.277105717942,-169.780194749122,40.4668935382473
14-Oct-2020,178.859381100898,-172.159391324763,41.6770049368042
15-Oct-2020,181.271763239306,-174.314521174532,43.0688308977359
16-Oct-2020,183.432777920778,-176.161509707722,44.6419018589614
17-Oct-2020,185.35799788241,-177.693664592512,46.4491389873516
18-Oct-2020,186.977199932166,-178.869673438238,48.3647579863336
19-Oct-2020,188.209365019185,-179.63113387162,50.2805947644931
20-Oct-2020,189.120527336373,-179.999262312155,52.3612189240326
21-Oct-2020,189.5372316452,-179.844091110477,54.4970286156557
22-Oct-2020,189.458781929613,-179.195271420452,56.5704236190129
23-Oct-2020,188.906857926305,-178.108095696955,58.4879785871019
24-Oct-2020,187.946087351156,-176.684142889242,60.12116346731
25-Oct-2020,186.982576191372,-175.315907038889,61.5013084641448
26-Oct-2020,185.921673715495,-173.950091700131,62.5587979849106
27-Oct-2020,184.83480598448,-172.666389621871,63.2648672164895
28-Oct-2020,183.800681634156,-171.550233508142,63.5994824314535
29-Oct-2020,182.746636865465,-170.567791725576,63.293004139724
30-Oct-2020,181.731737736545,-169.753234916078,62.4498798729124
31-Oct-2020,180.802717809198,-169.11167428507,61.2535514259157
01-Nov-2020,179.995828175217,-168.657559694465,59.8246636556591
02-Nov-2020,179.368718667987,-168.423605099168,58.2776085548949
03-Nov-2020,178.978323010111,-168.440768590984,56.7303842858146
04-Nov-2020,178.753493433034,-168.656779126594,55.0573745281199
05-Nov-2020,178.70489882391,-169.070404479857,53.2967681134013
06-Nov-2020,178.924330436976,-169.701955770192,51.7875224567814
07-Nov-2020,179.344729212964,-170.494973132234,50.4711671629101
08-Nov-2020,179.927208845107,-171.394983124552,49.3987944598833
09-Nov-2020,180.631234620332,-172.345341591164,48.6232886419916
10-Nov-2020,181.414623419263,-173.287233661538,48.1993260697208
11-Nov-2020,182.213558865943,-174.104418811393,48.3064190745402
12-Nov-2020,182.997568626636,-174.762796905802,48.9601887562122
13-Nov-2020,183.593099088472,-175.20943942766,49.7881074513047
14-Nov-2020,184.115160277108,-175.558360104229,50.7141361853926
15-Nov-2020,184.54352524452,-175.801545957872,51.6839070788988
16-Nov-2020,184.96068717814,-176.053535937103,52.5598523802407
17-Nov-2020,185.382686406019,-176.347900369397,53.2707402015936
18-Nov-2020,185.670451768014,-176.600563792792,53.7174369730614
19-Nov-2020,185.867664031265,-176.802235259578,53.9443650426308
20-Nov-2020,185.964093673407,-176.950845057606,53.90013655355
21-Nov-2020,185.947691073732,-177.043687335716,53.5276709393672
22-Nov-2020,185.951110503768,-177.175446086189,53.0424486234336
23-Nov-2020,185.951391019788,-177.307069652072,52.5044281528053
24-Nov-2020,185.954720907477,-177.431320061541,51.9642450750324
25-Nov-2020,185.97189621766,-177.579626751697,51.3611810362298
26-Nov-2020,186.057534989583,-177.790467799499,50.7529060202915
27-Nov-2020,186.223937592064,-178.064302514362,50.1978561248883
28-Nov-2020,186.476900374053,-178.382781097604,49.8052818379744
29-Nov-2020,186.838395733032,-178.762882184198,49.6078257176746
30-Nov-2020,187.177326695656,-179.070883064685,49.5651607631142
01-Dec-2020,187.507468578815,-179.335082236832,49.647809104892
02-Dec-2020,187.847192124263,-179.561812943736,49.9249369381694
03-Dec-2020,188.191256133496,-179.741475005768,50.4120953099234
04-Dec-2020,188.525878461572,-179.844603632026,51.1742056674053
05-Dec-2020,188.86777772863,-179.966288564457,51.9381858338249
06-Dec-2020,189.197776538459,-180.13460147468,52.5296728289802
07-Dec-2020,189.526661871794,-180.312577141864,53.0689897291223
08-Dec-2020,189.835125344657,-180.493174843485,53.5377391628243
09-Dec-2020,190.124532607393,-180.702698080508,53.8750567576436
10-Dec-2020,190.377002112508,-180.927292757374,54.0892983503223
11-Dec-2020,190.587818539161,-181.170173469627,54.1504246922615
12-Dec-2020,190.862421709341,-181.471302121907,54.1922470901963
13-Dec-2020,191.132026369416,-181.836047789615,54.022939784094
14-Dec-2020,191.468514610746,-182.298599704194,53.7699400691795
15-Dec-2020,191.85819371501,-182.842556866615,53.4351341158865
16-Dec-2020,192.172680007322,-183.326963197912,53.0340758215883
17-Dec-2020,192.455551230188,-183.810750034728,52.5072756113122
18-Dec-2020,192.712047204369,-184.308418457121,51.822406307289
19-Dec-2020,192.955351760083,-184.79295045937,51.1133606557191
20-Dec-2020,193.137352570774,-185.206854290897,50.4246224335689
21-Dec-2020,193.24487661365,-185.523737595008,49.8025174222033
22-Dec-2020,193.288957711615,-185.750901836387,49.2819489132987
23-Dec-2020,193.258176445839,-185.876927184096,48.8408108349104
24-Dec-2020,193.169925585342,-185.960581128605,48.3381861206469
25-Dec-2020,193.051408025067,-185.995560147344,47.8880916269255
26-Dec-2020,192.905785274083,-185.979906751198,47.4858518107879
27-Dec-2020,192.745859009247,-185.918995164913,47.1592624245786
28-Dec-2020,192.593714816237,-185.855036694698,46.8090384536501
29-Dec-2020,192.462128129478,-185.781224711632,46.5221597370178
30-Dec-2020,192.388655136554,-185.694194608516,46.449215433739
31-Dec-2020,192.362714734291,-185.613645205844,46.5152448980891
01-Jan-2021,192.393258072586,-185.567104880051,46.6707212636605
02-Jan-2021,192.524517172501,-185.56303972358,47.0304223539074
03-Jan-2021,192.697370240654,-185.593174316073,47.385960519546
04-Jan-2021,192.888811636088,-185.659901992413,47.6443415752874
05-Jan-2021,193.072276530685,-185.754511123753,47.7672760680907
06-Jan-2021,193.317654144212,-185.916524652708,47.85772444199
07-Jan-2021,193.532962925823,-186.064346939626,47.8835375506879
08-Jan-2021,193.700349795319,-186.183033624987,47.8378303512501
09-Jan-2021,193.877863143736,-186.33816688188,47.7262578706669
10-Jan-2021,194.04953552108,-186.493219351734,47.6122927731908
11-Jan-2021,194.206473267916,-186.643247176745,47.4904014155749
12-Jan-2021,194.339575017383,-186.782719539145,47.3565813033955
13-Jan-2021,194.439531695196,-186.905518661202,47.2083610910518
14-Jan-2021,194.488208901907,-186.998401771118,47.0448260739681
15-Jan-2021,194.431013982452,-187.052875070986,46.6219250933434
16-Jan-2021,194.275416055561,-187.073892708981,45.9460959369913
17-Jan-2021,194.11694749466,-187.114318379798,45.1952316360219
18-Jan-2021,194.004784800905,-187.184138541876,44.5186355190571
19-Jan-2021,193.953503408089,-187.285268148096,43.9635256534336
20-Jan-2021,193.978679966914,-187.420273054531,43.5770638838668
21-Jan-2021,194.155384956926,-187.646285868168,43.4908723182006
22-Jan-2021,194.420057535288,-187.877424848356,43.7544344737908
23-Jan-2021,194.658911470485,-188.050058933286,44.1556356590348
24-Jan-2021,194.912246982849,-188.209210913074,44.6539440959023
25-Jan-2021,195.209446944597,-188.37011798967,45.3080541256143
26-Jan-2021,195.441984704103,-188.486639850768,45.8744410827454
27-Jan-2021,195.647034502684,-188.598463720606,46.3556526744066
28-Jan-2021,195.849317632796,-188.703978349968,46.8398644745641
29-Jan-2021,196.059367811544,-188.819536284455,47.3275000646332
30-Jan-2021,196.243327437988,-188.84568165367,48.0356203702925
31-Jan-2021,196.411453761814,-188.813159610991,48.8841848347605
01-Feb-2021,196.568867518395,-188.731839750567,49.8510108220293
02-Feb-2021,196.685002800466,-188.563059594127,50.9188628911828
03-Feb-2021,196.816837008263,-188.390597294532,52.0214533295953
04-Feb-2021,196.94979971267,-188.212344331582,53.1077142666906
05-Feb-2021,197.058475893225,-188.026607609504,54.0853530507607
06-Feb-2021,197.153486747929,-187.857036077822,54.905315164538
07-Feb-2021,197.230831212295,-187.71430046795,55.5106865127153
08-Feb-2021,197.363858066067,-187.641145668564,56.0836219308671
09-Feb-2021,197.550374732963,-187.641801775645,56.6059238594019
10-Feb-2021,197.776447392446,-187.691047086671,57.1277722656361
11-Feb-2021,198.001002781513,-187.776193939103,57.5493851059489
12-Feb-2021,198.213013740848,-187.892366146983,57.856220227793
13-Feb-2021,198.403784205837,-188.035708941197,58.0395496872884
14-Feb-2021,198.390691755056,-188.040262285699,57.9801027848306
15-Feb-2021,198.211456800484,-187.977256228391,57.5543633422476
16-Feb-2021,197.983060700193,-187.935111052639,56.8756554464674
17-Feb-2021,197.703867385826,-187.896696066177,56.0225999285547
18-Feb-2021,197.358420068538,-187.855580700354,54.9502678829818
19-Feb-2021,196.957298506774,-187.818814479964,53.6716854214166
20-Feb-2021,196.450749434644,-187.711623124161,52.2616776859766
21-Feb-2021,195.882226130126,-187.546329421259,50.8288762674935
22-Feb-2021,195.291972855413,-187.331391506639,49.4837973763868
23-Feb-2021,194.739105960243,-187.13658439711,48.1829352992283
24-Feb-2021,194.265224223612,-186.985580822282,46.9856963823241
25-Feb-2021,193.90930623815,-186.89992703308,45.9492140837436
26-Feb-2021,193.771451423435,-186.995058366876,45.0460719274339
27-Feb-2021,193.808776387603,-187.214416542379,44.3103349845933
28-Feb-2021,194.038382018795,-187.569482875991,43.7687359884968
01-Mar-2021,194.493621773448,-188.076268286533,43.4995364140495
02-Mar-2021,195.156414822194,-188.713035704727,43.5364946785906
03-Mar-2021,196.028918797903,-189.475793508713,43.9135845293038
04-Mar-2021,197.074619509931,-190.338652934805,44.5547403031597
05-Mar-2021,198.269604236002,-191.279274857922,45.4550550365181
06-Mar-2021,199.585414072497,-192.27306294408,46.6008759574373
07-Mar-2021,200.989043934451,-193.293163650397,47.9698044856747
08-Mar-2021,202.442942555554,-194.310466225087,49.530696232686
09-Mar-2021,203.905012488153,-195.293602707466,51.2436610016259
10-Mar-2021,205.517983065385,-196.327074401663,53.3116387337312
11-Mar-2021,207.201683791006,-197.365060198057,55.6185841718706
12-Mar-2021,208.878816934428,-198.363907948878,58.0500615357127
13-Mar-2021,210.474957530719,-199.282134468211,60.4932445217263
14-Mar-2021,211.918553380604,-200.080425531994,62.8369163031799
15-Mar-2021,213.140925050466,-200.721635878015,64.9714695301422
16-Mar-2021,214.142039607952,-201.179549584655,66.9820813413547
17-Mar-2021,214.923437975383,-201.480988018989,68.7892847649142
18-Mar-2021,215.490264249736,-201.653774499501,70.3213910960491
19-Mar-2021,215.880004025537,-201.791124575867,71.4222230240931
20-Mar-2021,216.090013841485,-201.889270540806,72.0837876166389
21-Mar-2021,216.122641735713,-201.94855727998,72.3014128715492
22-Mar-2021,215.96217217242,-201.931286186889,72.1460582265436
23-Mar-2021,215.624620187383,-201.839661059592,71.6513700747394
24-Mar-2021,215.130085243183,-201.678664258886,70.8560898702851
25-Mar-2021,214.502751229209,-201.456056708302,69.8040541283594
26-Mar-2021,213.770886461653,-201.182377894108,68.5441944251723
27-Mar-2021,212.966843683513,-200.870945865309,67.1305373979645
28-Mar-2021,212.083301221292,-200.495753519651,65.6445489203861
29-Mar-2021,211.172298572742,-200.084070069247,64.1556405152894
30-Mar-2021,210.30212210844,-199.594237175001,62.9774576649234
31-Mar-2021,209.52314871031,-199.188738577535,61.7918475100238
01-Apr-2021,208.886949811515,-198.880867984067,60.7158892677701
02-Apr-2021,208.448078673395,-198.68628096538,59.8706714363778
03-Apr-2021,208.040678287128,-198.569713726547,58.8731028019728
04-Apr-2021,207.639018206215,-198.391926858462,58.0137742646492
05-Apr-2021,207.245263014087,-198.124631511193,57.372279748098
06-Apr-2021,206.925038326187,-197.830382304284,56.9505828079122
07-Apr-2021,206.665621515722,-197.505150154299,56.7377659124627
08-Apr-2021,206.451000081281,-197.142785883342,56.7196139390552
09-Apr-2021,206.343339413163,-196.842622459753,56.8110315236313
10-Apr-2021,206.352401885701,-196.640566906112,56.9520555054516
11-Apr-2021,206.544425944121,-196.639617363956,57.0252842544616
12-Apr-2021,206.813491095259,-196.687060460138,57.1871573912748
13-Apr-2021,207.136328645673,-196.767856676849,57.4310791024064
14-Apr-2021,207.488356995442,-196.865759843352,57.7491513960972
15-Apr-2021,207.81511734401,-196.927519954908,58.1399353853055
16-Apr-2021,208.134168094547,-196.96680688525,58.6365264327757
17-Apr-2021,208.445158942773,-196.976000986445,59.2896210568038
18-Apr-2021,208.738829868435,-197.000049835492,59.9099177967505
19-Apr-2021,209.016403652333,-197.041944060322,60.5065736673278
20-Apr-2021,209.275780417895,-197.101475726232,61.0867098001071
21-Apr-2021,209.545882264674,-197.167548856191,61.7445350289761
22-Apr-2021,209.84881501501,-197.279625627751,62.4317618011173
23-Apr-2021,210.046992425688,-197.56976124942,62.3571304536735
24-Apr-2021,210.319731375893,-198.021582248979,62.1248513529151
25-Apr-2021,210.677469769479,-198.625650663107,61.7813097723926
26-Apr-2021,211.125781290545,-199.36849731676,61.3685937723466
27-Apr-2021,211.643667306728,-200.066145574722,61.2939331186539
28-Apr-2021,212.399554468338,-200.909049384405,61.5098957645084
29-Apr-2021,213.475878182623,-202.009337578541,61.9168297568481
30-Apr-2021,214.829494378285,-203.323148311005,62.5530308522094
01-May-2021,216.425267601541,-204.819960609537,63.3894735698642
02-May-2021,218.227425093251,-206.468440333708,64.3972927873401
03-May-2021,220.207182624969,-208.253898874561,65.5159288045103
04-May-2021,222.330177121131,-210.149521217612,66.7056242779736
05-May-2021,224.684031195444,-212.270399872993,67.9813076593006
06-May-2021,226.885534328681,-214.232938907137,69.2476606028923
07-May-2021,228.90185037103,-215.991974648105,70.5253935907361
08-May-2021,230.697351143606,-217.501446657283,71.8311057492787
09-May-2021,232.334155642595,-218.850971455428,73.0763264669639
10-May-2021,233.735105657715,-219.907156298083,74.4030090388742
11-May-2021,234.915412095042,-220.730413056976,75.641270826797
12-May-2021,235.737821923674,-221.128810414645,76.9456281623291
13-May-2021,236.300520772153,-221.216519108531,78.2972552349022
14-May-2021,236.691373279547,-221.097476906453,79.6761591993142
15-May-2021,237.026823255229,-220.966515560518,80.8896941001668
16-May-2021,237.387786215559,-220.94270358708,81.8551699243927
17-May-2021,238.022378827649,-221.13018095779,83.0349244001685
18-May-2021,238.883255257882,-221.530538667449,84.2771195663039
19-May-2021,240.093867244957,-222.26148222176,85.6240952685829
20-May-2021,241.764981168426,-223.426936131011,87.1193493272047
21-May-2021,243.885075208374,-224.986003812772,88.814527538275
22-May-2021,246.887375124939,-227.407491839703,90.7262632253966
23-May-2021,250.733695934815,-230.676871384062,92.8182897973247
24-May-2021,255.411735789067,-234.847856348615,94.8804248224427
25-May-2021,260.856899848302,-239.875758670449,96.85616761182
26-May-2021,266.994851153651,-245.705476030171,98.6888641730943
27-May-2021,274.007881381776,-252.536703597809,100.370018805356
28-May-2021,281.663193288763,-260.15513919532,101.817464859876
29-May-2021,289.622089317553,-268.155792977794,103.16324623087
30-May-2021,297.62314319382,-276.312328174395,104.213972341504
31-May-2021,305.399120893838,-284.336975056042,104.974009291297
01-Jun-2021,312.692694487144,-291.950111750346,105.453216666397
02-Jun-2021,319.385467398852,-298.897492969764,106.036575896647
03-Jun-2021,325.285435254925,-305.057412594378,106.469527881562
04-Jun-2021,329.975282062967,-310.027209200141,106.604323121691
05-Jun-2021,333.513934673004,-313.924719142827,106.320619177269
06-Jun-2021,335.865753027764,-316.695599966737,105.660933269805
07-Jun-2021,337.013551290337,-318.304053628404,104.670737806602
08-Jun-2021,336.856405781014,-318.629251036619,103.377321553962
09-Jun-2021,335.467356701775,-317.726522342814,101.843096243879
10-Jun-2021,332.716716446269,-315.540825988915,99.8506636729025
11-Jun-2021,329.155222091923,-312.479653219442,97.8888385970951
12-Jun-2021,325.023889168782,-308.753385945646,96.0790771347282
13-Jun-2021,320.574623794633,-304.584315873267,94.5419323403598
14-Jun-2021,316.55754044276,-300.729329442217,93.4255683897774
15-Jun-2021,312.800995647414,-297.051276758762,92.5767853343747
16-Jun-2021,309.776982856681,-294.025928983464,92.0629206778516
17-Jun-2021,307.333133313984,-291.456052511337,91.9897909037253
18-Jun-2021,305.628488729792,-289.516731817116,92.3428406367888
19-Jun-2021,304.835293996405,-288.396625967389,93.1094492685877
20-Jun-2021,304.822900908184,-287.932690416877,94.3775183611678
21-Jun-2021,305.5332527079,-288.111520086937,96.0103894062764
22-Jun-2021,306.585956635923,-288.627995730834,97.6709588963607
23-Jun-2021,307.624251053051,-289.144677251035,99.2581866978249
24-Jun-2021,308.601821713812,-289.627318686198,100.73550446198
25-Jun-2021,309.468907964529,-290.036795309494,102.070179922758
26-Jun-2021,309.745797917989,-290.003170761368,102.83056709585
27-Jun-2021,309.334916060477,-289.452853713036,102.94358596875
28-Jun-2021,308.421236896167,-288.631269292335,102.350325728417
29-Jun-2021,307.030931599459,-287.465489646592,101.282869822489
30-Jun-2021,305.189560439446,-285.970290360399,99.7880055378716
01-Jul-2021,302.910558650521,-284.148656159764,97.9085899403348
02-Jul-2021,300.323084727296,-282.185665151982,95.5404163056899
03-Jul-2021,297.511376181626,-280.123508880779,92.8266194602526
04-Jul-2021,295.390100632541,-278.566085324789,90.8180732935827
05-Jul-2021,293.67343696844,-277.367222871987,89.0414767297035
06-Jul-2021,292.468675100345,-276.599032332342,87.6178023936676
07-Jul-2021,291.887018185626,-276.337622145613,86.6678562737715
08-Jul-2021,292.096244914094,-276.685726476608,86.4080587563314
09-Jul-2021,293.00487289796,-277.56011462703,86.7983624222022
10-Jul-2021,294.213331752452,-278.560203037197,87.764547735873
11-Jul-2021,295.770302988127,-279.765522035618,89.2210146385798
12-Jul-2021,297.661254290526,-281.172412828815,91.1285014210348
13-Jul-2021,299.869919735976,-282.775110445456,93.4484524602256
14-Jul-2021,302.065601819015,-284.35414800871,95.7885213239159
15-Jul-2021,304.12823205948,-285.82763545301,98.0019357690371
16-Jul-2021,305.50711046012,-286.702828428007,99.8012503936696
17-Jul-2021,306.624887318238,-287.356848719296,101.388966813137
18-Jul-2021,307.380161304203,-287.720440301506,102.656652951154
19-Jul-2021,307.669123794591,-287.722485443854,103.49336175741
20-Jul-2021,307.843670197346,-287.752189579737,103.8993009611
21-Jul-2021,307.8787959346,-287.790494283272,103.870972614082
22-Jul-2021,307.672932136591,-287.653649638115,103.562990607878
23-Jul-2021,307.163226959522,-287.285209405617,102.991990301639
24-Jul-2021,306.37161732213,-286.707524163409,102.173476575083
25-Jul-2021,305.332316025572,-285.954508068111,101.127411910924
26-Jul-2021,304.167924702102,-284.99095190888,100.338459693913
27-Jul-2021,302.988166645675,-283.906105556534,99.882546795592
28-Jul-2021,301.480715337182,-282.593698758847,99.0910155676492
29-Jul-2021,299.704840293937,-280.991523443404,98.3222056940798
30-Jul-2021,297.767693616845,-279.192344191681,97.641745113589
31-Jul-2021,295.77850539233,-277.288387578283,97.1232452852234
01-Aug-2021,293.322387432972,-274.96669755248,96.4092409214523
02-Aug-2021,290.902864612896,-272.693168175917,95.6792645960914
03-Aug-2021,288.389103974784,-270.347786672049,94.8649585359652
04-Aug-2021,285.992792968654,-268.125618657824,94.0433073153784
05-Aug-2021,283.750970146869,-266.070934706395,93.2004914127655
06-Aug-2021,281.701429682733,-264.228820784242,92.322248734908
07-Aug-2021,280.394140620481,-263.135450490405,91.5012303706508
08-Aug-2021,279.61921562944,-262.58640027494,90.6937304920545
09-Aug-2021,279.365816875424,-262.513187181435,90.1133136036489
10-Aug-2021,279.105668103893,-262.479196750871,89.4302279007064
11-Aug-2021,278.729918891389,-262.38475099628,88.5963009183369
12-Aug-2021,278.149040847441,-262.14916971433,87.5683456636881
13-Aug-2021,277.265507983623,-261.64448526023,86.3931362836739
14-Aug-2021,275.631006261307,-260.39835962309,85.1042466211793
15-Aug-2021,272.959447947564,-258.095219158667,83.7413186453838
16-Aug-2021,269.130212449851,-254.618723453712,82.2273954009838
17-Aug-2021,264.165481153074,-249.990843419505,80.5581952022632
18-Aug-2021,258.094872728528,-244.239369882508,78.7373742083395
19-Aug-2021,251.014199665555,-237.526545205005,76.5729010530098
20-Aug-2021,242.981080369287,-229.934489273193,73.982292454945
21-Aug-2021,233.53702824783,-221.002364747849,70.871664921286
22-Aug-2021,223.427477142558,-211.477138634078,67.3313509501404
23-Aug-2021,212.937407245691,-201.629668501117,63.4561558162149
24-Aug-2021,202.351401810291,-191.731815259102,59.3380335381677
25-Aug-2021,192.476758245832,-182.55501184623,55.1537230247737
26-Aug-2021,183.135129020133,-173.862862961953,51.0972477420785
27-Aug-2021,174.577645115431,-165.879493989997,47.29068740469
28-Aug-2021,167.024858979373,-158.828386458565,43.7839720674277
29-Aug-2021,160.754077117973,-152.978120993773,40.6838312535381
30-Aug-2021,156.041238614863,-148.596627276624,38.0934215657928
31-Aug-2021,152.335261245593,-145.113442205305,36.1063868472098
01-Sep-2021,149.562566635307,-142.464674581415,34.70164158604
02-Sep-2021,147.330026514581,-140.370817723186,33.3910930262124
03-Sep-2021,145.850255850723,-138.997312314655,32.3701424653957
04-Sep-2021,145.064699748442,-138.281442379444,31.6718504494367
05-Sep-2021,144.893122615932,-138.140642013279,31.3180126862277
06-Sep-2021,144.816127431978,-138.044490647223,31.3594385917018
07-Sep-2021,144.849009467515,-137.975341952564,31.8020291885512
08-Sep-2021,144.930650356037,-137.870358025895,32.5667327758209
09-Sep-2021,145.15029957144,-137.861605460878,33.5781027201432
10-Sep-2021,145.399677694632,-137.870215405075,34.7210267035672
11-Sep-2021,145.55675381824,-137.804261795601,35.8740210972945
12-Sep-2021,145.452915467983,-137.608413872355,36.6338738936235
13-Sep-2021,144.942067029049,-137.134035091966,36.9550614431108
14-Sep-2021,144.780943131584,-137.037870629364,37.2057151194118
15-Sep-2021,144.750751006569,-137.034156924877,37.5745207335587
16-Sep-2021,144.87648393277,-137.151781782252,38.0315755804239
17-Sep-2021,145.182925443754,-137.419051762362,38.5466910236005
18-Sep-2021,145.489926438376,-137.585447764046,39.3793610560501
19-Sep-2021,145.736467204663,-137.642499322351,40.2960909077419
20-Sep-2021,146.04055801522,-137.707430848627,41.3218820143908
21-Sep-2021,146.375070719421,-137.804031667983,42.3412932127438
22-Sep-2021,146.74264280144,-137.939249986597,43.3456579608316
23-Sep-2021,147.145783497186,-138.119643753434,44.3288899741884
24-Sep-2021,147.47091925264,-138.266993874784,45.0418409123565
25-Sep-2021,147.679075383352,-138.366551574866,45.403403006134
26-Sep-2021,147.863095478146,-138.468930175416,45.6567686534592
27-Sep-2021,148.000862317663,-138.576171291105,45.7782728150857
28-Sep-2021,148.107554774173,-138.691536633053,45.8248349153471
29-Sep-2021,148.197570696746,-138.817167453167,45.8555953607881
30-Sep-2021,148.410664618143,-139.035572791808,45.9978535902331
01-Oct-2021,148.567420923663,-139.205983290623,46.1019405865536
02-Oct-2021,148.661887834864,-139.354321512284,46.107356405535
03-Oct-2021,148.755706664828,-139.592373050329,45.8685044264633
04-Oct-2021,148.85184411545,-139.927905532369,45.368265197351
05-Oct-2021,148.952514703901,-140.369476494199,44.5856535673359
06-Oct-2021,149.082027911265,-140.823470512757,43.8497201306133
07-Oct-2021,149.256337504821,-141.266654580522,43.2833872392122
08-Oct-2021,149.496634829793,-141.667578282769,43.0666652838306
09-Oct-2021,149.826789076386,-142.113235613262,43.0120575694738
10-Oct-2021,150.248263577614,-142.59562874135,43.1411012593636
11-Oct-2021,150.763144229289,-143.107908075279,43.4746516239477
12-Oct-2021,151.245830165138,-143.547720243613,43.8553497743969
13-Oct-2021,151.731051572405,-143.942674547307,44.3501277147967
14-Oct-2021,152.249337686559,-144.350991821942,44.8735795177122
15-Oct-2021,152.794086969101,-144.745251447743,45.4859959199934
16-Oct-2021,153.341318959769,-145.11013463117,46.1363626386746
17-Oct-2021,153.868430866994,-145.43151244633,46.775426216838
18-Oct-2021,154.269564931024,-145.640639476389,47.3108450247322
19-Oct-2021,154.568284520591,-145.771509591316,47.7316709645727
20-Oct-2021,154.861752674405,-145.914380126688,48.1205116588954
21-Oct-2021,155.172278529045,-146.071754210425,48.5062923307581
22-Oct-2021,155.494694460065,-146.245277715724,48.8632114775384
23-Oct-2021,155.825997651384,-146.437561293619,49.1717438271995
24-Oct-2021,155.971622198014,-146.497565492945,49.219179582368
25-Oct-2021,156.050797860035,-146.561155679883,48.9875502901563
26-Oct-2021,156.130878266097,-146.712056952437,48.4443146118642
27-Oct-2021,156.187856897634,-146.894733954967,47.65340846793
28-Oct-2021,156.232413324309,-147.10918327311,46.6656765195861
29-Oct-2021,156.275373521153,-147.35531234543,45.5320001502816
30-Oct-2021,156.276178662552,-147.580196788021,44.3074828583597
31-Oct-2021,156.285879437477,-147.816287593182,43.0899276588125
01-Nov-2021,156.403258017007,-148.171623336558,41.85456758066
02-Nov-2021,156.607987724238,-148.599112646841,40.7024561085349
03-Nov-2021,156.899784991383,-149.080258560563,39.7140542414171
04-Nov-2021,157.277527317008,-149.596195824162,38.9656691077521
05-Nov-2021,157.793963759108,-150.150868175511,38.6989018718901
06-Nov-2021,158.44647290192,-150.772668606053,38.7911567312447
07-Nov-2021,159.14069967546,-151.380865469931,39.2080242465048
08-Nov-2021,159.873755719154,-151.988204852569,39.8447847572988
09-Nov-2021,160.591292029567,-152.54755834259,40.6739549337386
10-Nov-2021,161.240027717375,-153.013118910115,41.6642875760458
11-Nov-2021,161.919491500518,-153.422686709048,43.1063886221433
12-Nov-2021,162.631980676362,-153.808620276383,44.8832093217065
13-Nov-2021,163.235206604447,-154.127893729171,46.5992669152233
14-Nov-2021,163.699038759272,-154.366060966319,48.1580619391347
15-Nov-2021,163.994219796508,-154.509563568144,49.4625677559851
16-Nov-2021,164.092365552995,-154.545730796381,50.4152305544217
17-Nov-2021,164.035564549996,-154.505032237908,51.049603116198
18-Nov-2021,163.821678011839,-154.391445447878,51.3134123681526
19-Nov-2021,163.354795789526,-154.136657941947,51.0491037051603
20-Nov-2021,162.678368320425,-153.76077336962,50.3581892100774
21-Nov-2021,161.840534113805,-153.299602557062,49.2807499630075
22-Nov-2021,160.887226525463,-152.786669954042,47.8570554814176
23-Nov-2021,159.982576839016,-152.35955168964,46.2216432402906
24-Nov-2021,159.210489987929,-152.084630456438,44.4482756229134
25-Nov-2021,158.546332840227,-151.907209738329,42.6624215006306
26-Nov-2021,158.037462151496,-151.85195760122,40.9604889666121
27-Nov-2021,157.729319108397,-151.940847989072,39.4428902522882
28-Nov-2021,157.665429328663,-152.193160723901,38.2140417273493
29-Nov-2021,157.822743379747,-152.61494027063,37.1612649331271
30-Nov-2021,158.21819560409,-153.216367692612,36.3191576795828
01-Dec-2021,158.926081688719,-154.063408613816,35.7572699759032
02-Dec-2021,159.865028793189,-155.060163033786,35.5492603099581
03-Dec-2021,160.991333318374,-156.155613093632,35.7284556169232
04-Dec-2021,162.259020070463,-157.296751727255,36.3297260313261
05-Dec-2021,163.619902291312,-158.525115556512,36.9895483378214
06-Dec-2021,165.023482728425,-159.817698679978,37.6051014043137
07-Dec-2021,166.437808443955,-161.101981930069,38.2771238272885
08-Dec-2021,167.815168834255,-162.338494821153,38.9594148134265
09-Dec-2021,169.106138350034,-163.48701591707,39.6023233008845
10-Dec-2021,170.259576496352,-164.506572831136,40.1527479592951
11-Dec-2021,171.222627832619,-165.355442226137,40.5541371897673
12-Dec-2021,171.933696533198,-165.991590885537,40.7021171517074
13-Dec-2021,172.558497105788,-166.551656925545,40.7564462136885
14-Dec-2021,173.081188648455,-167.015107135897,40.7382176813482
15-Dec-2021,173.490639935536,-167.36646554336,40.6683509696503
16-Dec-2021,173.780429417634,-167.595313411724,40.5675916028851
17-Dec-2021,173.820187513923,-167.580366416585,40.3485928245431
18-Dec-2021,173.680037788086,-167.381801769816,40.0880576245901
19-Dec-2021,173.500859602414,-167.114205475111,39.9552961329896
20-Dec-2021,173.320940230435,-166.813037244078,39.9834048469979
21-Dec-2021,173.167044158757,-166.508200902569,40.1769856126199
22-Dec-2021,173.05395367129,-166.208710281068,40.5665687577277
23-Dec-2021,173.020772432909,-165.961307506496,41.1438096005089
24-Dec-2021,173.108322683531,-165.813966939305,41.9018354509118
25-Dec-2021,173.248635878796,-165.709446292741,42.7684991733108
26-Dec-2021,173.447072114231,-165.660714388298,43.7163773152339
27-Dec-2021,173.707763144158,-165.679133644182,44.7177385109742
28-Dec-2021,174.033612381692,-165.774460075314,45.7445434815898
29-Dec-2021,174.495835666981,-166.007773006626,46.8875138034992
30-Dec-2021,175.058597590786,-166.358000143868,48.055871535502
31-Dec-2021,175.655132295706,-166.78971517528,49.070591433262
01-Jan-2022,176.280455701939,-167.303294240985,49.8934282571328
02-Jan-2022,176.915905256601,-167.88172999131,50.4980694989757
03-Jan-2022,177.503887629676,-168.482505515779,50.7916555001866
04-Jan-2022,178.048536211058,-169.103864029189,50.7840272830482
05-Jan-2022,178.565768458263,-169.742749967557,50.5627359524692
06-Jan-2022,178.983480650103,-170.313727343674,50.1534531767325
07-Jan-2022,179.280047604385,-170.784233331582,49.585931874269
08-Jan-2022,179.431138201218,-171.118986768368,48.8892048324232
09-Jan-2022,179.409715383017,-171.279988154168,48.0915847074527
10-Jan-2022,179.352570694251,-171.38667968692,47.3165474781741
11-Jan-2022,179.344014850864,-171.49555312491,46.711759172181
12-Jan-2022,179.39227335166,-171.591956166081,46.3632190529513
13-Jan-2022,179.492494062008,-171.670316318387,46.2732408447364
14-Jan-2022,179.648378252693,-171.736640547535,46.4486218646134
15-Jan-2022,179.942772077899,-171.884216540806,46.9081921505401
16-Jan-2022,180.358477468955,-172.107076794487,47.612381315739
17-Jan-2022,180.880652004338,-172.40133967237,48.5234291537849
18-Jan-2022,181.496808909672,-172.765209405748,49.6053856386047
19-Jan-2022,182.196817057726,-173.198976093418,50.824110924478
20-Jan-2022,182.972900968417,-173.705015701678,52.1472753460366
21-Jan-2022,183.819640808808,-174.28779006433,53.5443594182646
22-Jan-2022,184.629955591502,-174.89723900728,54.722153438669
23-Jan-2022,185.347333061367,-175.487750277664,55.6032892109109
24-Jan-2022,185.975212298645,-176.042863783262,56.2738302908268
25-Jan-2022,186.455953679055,-176.517804663261,56.6618122391784
26-Jan-2022,186.752760754702,-176.869580764322,56.7684767259068
27-Jan-2022,186.902090575094,-177.104857735249,56.7125780660503
28-Jan-2022,186.894484466512,-177.201501812439,56.5300093504422
29-Jan-2022,186.723354136895,-177.140699035548,56.2558325248916
30-Jan-2022,186.314354605249,-176.780861286259,56.1066114715193
31-Jan-2022,185.703487249227,-176.175602364432,56.020615542779
01-Feb-2022,184.934950081931,-175.440147764853,55.7614597288781
02-Feb-2022,184.039102317348,-174.588976569931,55.3786538560848
03-Feb-2022,183.143886831192,-173.69441380568,55.1402222828041
04-Feb-2022,182.333773642892,-172.820509789469,55.1372209328307
05-Feb-2022,181.596441115792,-171.981875330484,55.2560826371702
06-Feb-2022,180.984016942404,-171.234806932834,55.5045729750232
07-Feb-2022,180.548993137621,-170.63040306557,55.9042317245547
08-Feb-2022,180.24532639716,-170.135631159702,56.3705601254493
09-Feb-2022,180.089697030327,-169.772007335328,56.8872382999379
10-Feb-2022,180.095491953558,-169.558822985834,57.4348032341572
11-Feb-2022,180.303119020833,-169.543283285225,58.0057967179516
12-Feb-2022,180.703562190467,-169.724505734859,58.5665661923297
13-Feb-2022,181.290770335832,-170.104865515162,59.0716869116838
14-Feb-2022,182.049568412488,-170.679841856238,59.4875675278382
15-Feb-2022,182.950776750867,-171.351233228811,60.0061449440245
16-Feb-2022,183.947734843855,-172.09977404135,60.5461771743613
17-Feb-2022,184.992446560603,-172.902666597574,61.0326789173802
18-Feb-2022,186.04537174347,-173.716966637786,61.4962980203142
19-Feb-2022,187.059289656255,-174.506963966748,61.9095430659501
20-Feb-2022,187.985905048269,-175.232973232237,62.2538293605349
21-Feb-2022,188.775848154337,-175.851333925043,62.5194789337761
22-Feb-2022,189.378674694796,-176.314410378974,62.7057205388415
23-Feb-2022,189.865127461224,-176.829006820724,62.3581634410937
24-Feb-2022,190.230617309031,-177.404301207949,61.4465599871941
25-Feb-2022,190.461359695732,-177.951451410193,60.2413174273839
26-Feb-2022,190.548933418,-178.437855958843,58.8285465181364
27-Feb-2022,190.495917059937,-178.878433909682,57.1313761298232
28-Feb-2022,190.329000616561,-179.270675076067,55.262874917017
01-Mar-2022,190.076281427675,-179.614203846559,53.3310750298745
02-Mar-2022,189.785393122308,-179.915117336844,51.5271680085119
03-Mar-2022,189.477789150134,-180.175045702282,49.9030977450148
04-Mar-2022,189.177206100034,-180.397963245995,48.5100322982789
05-Mar-2022,188.909663700093,-180.590188418869,47.3983638940099
06-Mar-2022,188.703464817602,-180.760383819547,46.6177089247231
07-Mar-2022,188.516010378974,-180.847747398398,46.1977209469794
08-Mar-2022,188.370369686385,-180.855390448274,46.1724982177945
09-Mar-2022,188.239048566684,-180.705070523164,46.6644869621383
10-Mar-2022,188.163748324328,-180.436114231085,47.6737115647641
11-Mar-2022,188.165767111135,-180.157064326902,48.9569495508892
12-Mar-2022,188.248272843159,-179.896499475841,50.4267233860305
13-Mar-2022,188.412317688061,-179.681942971816,51.9920015161208
14-Mar-2022,188.680573181019,-179.556334801174,53.5955724234313
15-Mar-2022,189.037476454161,-179.536493394983,55.1197970072887
16-Mar-2022,189.466495515175,-179.638977564871,56.4452876573837
17-Mar-2022,189.950129247311,-179.880086503023,57.4509082537707
18-Mar-2022,190.46990740938,-180.27585978218,58.0137741668682
19-Mar-2022,191.01669137112,-180.787758586286,58.2487679424581
20-Mar-2022,191.573698501313,-181.412183042386,58.1138174528065
21-Mar-2022,192.115169265618,-182.116557686578,57.6148055995696
22-Mar-2022,192.620016728824,-182.884268256201,56.7341847974482
23-Mar-2022,193.210738566668,-183.865249215434,55.448277501558
24-Mar-2022,193.840061442223,-184.970532626867,53.9059948929241
25-Mar-2022,194.46551323875,-186.116366475311,52.2577837433004
26-Mar-2022,194.933621823018,-187.133312690552,50.5013933929732
27-Mar-2022,195.243239960726,-187.988611530037,48.7312093790897
28-Mar-2022,195.393138164793,-188.650497861438,47.0391598949554
29-Mar-2022,195.382004695354,-189.088201162657,45.5147157900342
30-Mar-2022,195.208445559765,-189.27194552182,44.2448905699484
31-Mar-2022,194.861452770112,-189.146214340919,43.3394713423083
01-Apr-2022,194.373356318219,-188.724410892745,42.8543265689924
02-Apr-2022,193.850979311642,-188.153235293488,42.7130715699891
03-Apr-2022,193.35079855639,-187.491409923138,42.923514105356
04-Apr-2022,192.885537998081,-186.759926654283,43.4334042817403
05-Apr-2022,192.486537996143,-185.99126408022,44.2588453552362
06-Apr-2022,192.184985184058,-185.219861440158,45.4091302394723
07-Apr-2022,191.999598176886,-184.450358606559,46.929968567379
08-Apr-2022,191.930111621235,-183.711613568779,48.7353213920889
09-Apr-2022,191.976442137764,-183.033556489565,50.7358930295294
10-Apr-2022,192.138688321188,-182.447189705055,52.8391310584224
11-Apr-2022,192.417130740274,-181.98458772478,54.949226320285
12-Apr-2022,192.885749624758,-181.746070941991,56.9818651105885
13-Apr-2022,193.50683243747,-181.730811059785,58.8270280010518
14-Apr-2022,194.246400194371,-181.942297061432,60.3721514924285
15-Apr-2022,195.074207464553,-182.388335210369,61.5021280145062
16-Apr-2022,195.783300293357,-182.786174269486,62.4912787603144
17-Apr-2022,196.308776360107,-183.076092755316,63.3030680720353
18-Apr-2022,196.584125238386,-183.194138652615,63.9102141966882
19-Apr-2022,196.65591797399,-183.198990216127,64.2392255638911
20-Apr-2022,196.525902347366,-183.083491637476,64.301493374819
21-Apr-2022,196.196505983863,-182.839129213187,64.1152006221305
22-Apr-2022,195.670836353733,-182.456031344683,63.7053220899672
23-Apr-2022,194.952680772131,-181.922968538285,63.103624353954
24-Apr-2022,194.048484689266,-181.293754926522,62.1287137948067
25-Apr-2022,193.029833363402,-180.611469048691,60.8770900694654
26-Apr-2022,191.967416225835,-179.918768733881,59.4429944977183
27-Apr-2022,190.931026880889,-179.257891100974,57.9184100622012
28-Apr-2022,189.961317317562,-178.622955729109,56.4551503543442
29-Apr-2022,189.121117491214,-178.048972021533,55.1748006166555
30-Apr-2022,188.471490143399,-177.568999073874,54.1980396898067
01-May-2022,188.030145313595,-177.191853781549,53.591511291648
02-May-2022,187.827739425525,-176.961363189872,53.3262082170349
03-May-2022,187.892355773854,-176.918251881971,53.3739996809436
04-May-2022,188.249504524191,-177.100141978787,53.7076313184715
05-May-2022,188.922122713086,-177.541553139075,54.3007251848366
06-May-2022,189.854724403252,-178.212394642338,55.1066221971481
07-May-2022,190.988305944605,-179.066745681044,56.0883853126314
08-May-2022,192.260508755285,-180.05524529836,57.2095102001592
09-May-2022,193.605619321655,-181.125092388162,58.4339252402515
10-May-2022,194.964120350248,-182.237153512354,59.633565623469
11-May-2022,196.297358179945,-183.372882346245,60.7230517412123
12-May-2022,197.562825716459,-184.509878872369,61.615408935987
13-May-2022,198.648588521524,-185.562464857694,62.1947796386686
14-May-2022,199.594992368608,-186.568859947693,62.4571354692956
15-May-2022,200.433966055029,-187.559634855977,62.3937538013663
16-May-2022,201.189021401956,-188.557711364286,61.9912177618388
17-May-2022,201.875253254409,-189.578362322499,61.2314162311309
18-May-2022,202.635647484459,-190.698981933915,60.3581238373957
19-May-2022,203.516445401953,-191.944104325101,59.4376771259556
20-May-2022,204.559106220675,-193.332475231698,58.53882719544
21-May-2022,205.800307058347,-194.877051998423,57.7327396977855
22-May-2022,207.161572920566,-196.517520643536,56.9762207892139
23-May-2022,208.736243339997,-198.309316212168,56.4284075313955
24-May-2022,210.607329799915,-200.298358498189,56.2446599730933
25-May-2022,212.824259393315,-202.564553400247,56.3313837637967
26-May-2022,215.439358569589,-205.152882457115,56.7302964389863
27-May-2022,218.494051203389,-208.099903137577,57.4732905578551
28-May-2022,222.018858594632,-211.433748840432,58.582433703309
29-May-2022,226.033399468495,-215.174128894493,60.0699684819658
30-May-2022,230.44252336192,-219.223300320982,61.9282266079342
31-May-2022,235.207482802657,-223.5457463691,64.1462504927471
01-Jun-2022,240.27585796736,-228.094618798397,66.7029886138842
02-Jun-2022,245.581556681585,-232.811737878763,69.5672955147714
03-Jun-2022,251.237204112142,-237.761794438776,72.9064605416383
04-Jun-2022,257.104072583816,-242.857538048733,76.5283971609942
05-Jun-2022,263.037691767798,-248.005294342449,80.2417902974751
06-Jun-2022,269.234034288537,-253.41319784973,84.040312189006
07-Jun-2022,275.562398669298,-258.975583984958,87.8115231705331
08-Jun-2022,281.897965255876,-264.591250017785,91.4483581175548
09-Jun-2022,288.121796216598,-270.163455073129,94.8491264461211
10-Jun-2022,294.120835542318,-275.599920131176,97.9175121128341
11-Jun-2022,299.716410647991,-280.767210702659,100.462842603934
12-Jun-2022,304.844532681758,-285.605771821633,102.451584528038
13-Jun-2022,309.443640585382,-290.058306641925,103.850761111083
14-Jun-2022,313.454601094246,-294.069776437137,104.627952196325
15-Jun-2022,317.010248672489,-297.758438831376,104.912259992657
16-Jun-2022,320.147771859049,-301.1254913833,104.813480173735
17-Jun-2022,322.911228373029,-304.179160974418,104.444165806584
18-Jun-2022,325.627112555787,-307.190257610746,104.002440110848
19-Jun-2022,328.206107938867,-310.052770216626,103.527319994413
20-Jun-2022,330.579162358733,-312.679937896419,103.065468237713
21-Jun-2022,332.697487956769,-315.004249934505,102.671193493723
22-Jun-2022,334.532561179279,-316.977445795285,102.406450287963
23-Jun-2022,336.140140007741,-318.632739556874,102.342651059778
24-Jun-2022,337.498829204255,-319.927906121784,102.556096666933
25-Jun-2022,338.610590455658,-320.842976583833,103.130821377966
26-Jun-2022,339.500742373529,-321.380238228151,104.158592872184
27-Jun-2022,340.028557617576,-321.440044974286,105.482352315502
28-Jun-2022,340.160155710777,-321.036804734709,106.955229016691
29-Jun-2022,339.880934409415,-320.203589421828,108.435301325525
30-Jun-2022,339.040507466364,-318.814073370114,109.815185994111
01-Jul-2022,337.568725390438,-316.836557634855,110.970045644391
02-Jul-2022,335.411560885648,-314.25423542492,111.780860977813
03-Jul-2022,332.531108851203,-311.065192102762,112.134430775332
04-Jul-2022,328.905586381513,-307.282405184415,111.92337189741
05-Jul-2022,324.356407296161,-302.758332485602,111.070160484911
06-Jul-2022,319.09742707242,-297.699460930164,109.624366624152
07-Jul-2022,313.347466225478,-292.316907053967,107.63862969306
08-Jul-2022,307.330310308442,-286.826417004906,105.168658361176
09-Jul-2022,301.584116347521,-281.669307632777,102.534330067186
10-Jul-2022,296.226004148859,-276.939938574761,99.8142420689694
11-Jul-2022,291.391895198808,-272.748353330035,97.0988852073819
12-Jul-2022,286.461553925814,-268.51659689659,94.142269611348
13-Jul-2022,281.570599069902,-264.357835895341,91.0444174177417
14-Jul-2022,276.846967524645,-260.37672013186,87.9052699944691
15-Jul-2022,272.410914337167,-256.669382596382,84.8246879404689
16-Jul-2022,268.375012708141,-253.3234394638,81.9024510857122
17-Jul-2022,264.728180748578,-250.305264670303,79.2349758077263
18-Jul-2022,261.526805384642,-247.645761411082,76.9207248939635
19-Jul-2022,258.816499076226,-245.364310054694,75.0579928246824
20-Jul-2022,256.632099816955,-243.468768143072,73.7449057729481
21-Jul-2022,255.083291067198,-242.177975989164,72.7066222386193
22-Jul-2022,254.067597999962,-241.381168229153,71.9387037344354
23-Jul-2022,253.477668514292,-240.966297637715,71.4258838858337
24-Jul-2022,253.189514180719,-240.75961420796,71.2885490401976
25-Jul-2022,253.020566033262,-240.606615765821,71.4075022648753
26-Jul-2022,252.784583230687,-240.350368344298,71.6599400052241
27-Jul-2022,252.291653056508,-239.831506183463,71.9194520846109
28-Jul-2022,251.348190918981,-238.888231730454,72.0560217044113
29-Jul-2022,250.304859833249,-237.823801028808,72.2197771112663
30-Jul-2022,249.153599114773,-236.636107796846,72.3733688494445
31-Jul-2022,247.897287389953,-235.333080237009,72.4834075523502
01-Aug-2022,246.549742596125,-233.932681035855,72.5204639425238
02-Aug-2022,244.557470353005,-231.922142124368,72.2726626962844
03-Aug-2022,241.84933675067,-229.244066517178,71.6795960840176
04-Aug-2022,238.34733153903,-225.834320120971,70.6791838716832
05-Aug-2022,234.24535112438,-221.891533615828,69.3412622128579
06-Aug-2022,229.731686681483,-217.595046242838,67.7270331852355
07-Aug-2022,224.990681039379,-213.120632059994,65.8976169412645
08-Aug-2022,220.202728681384,-208.640499942194,63.9140517081476
09-Aug-2022,215.544275745088,-204.323293581243,61.8372937878417
10-Aug-2022,211.116493398633,-200.276740119668,59.6583038616614
11-Aug-2022,207.1251449788,-196.692275335006,57.4743510917143
12-Aug-2022,203.768599746026,-193.754999224296,55.3792452416547
13-Aug-2022,201.237832884412,-191.643676004085,53.463336676684
14-Aug-2022,199.210939976901,-189.973940110357,51.8059387997464
15-Aug-2022,197.863524226373,-188.88735059207,50.5469680872404
16-Aug-2022,197.345922259552,-188.500035867177,49.8212143489065
17-Aug-2022,197.710165112323,-188.929818501791,49.4433197319845
18-Aug-2022,198.983070944467,-190.19407616223,49.4597230477924
19-Aug-2022,201.165414648369,-192.286901935534,49.9025236798335
20-Aug-2022,204.231927849017,-195.179104329471,50.7894815837969
21-Aug-2022,208.131298904,-198.818207272532,52.1240172875574
22-Aug-2022,212.782063301072,-203.120172522794,53.9165347320998
23-Aug-2022,218.082967003435,-207.990273593399,56.130650629188
24-Aug-2022,223.906514175377,-213.310099534587,58.7166723517051
25-Aug-2022,230.098967182267,-218.93755493369,61.6115979336536
26-Aug-2022,236.660089359458,-224.885203265371,64.7853051275406
27-Aug-2022,243.465087348905,-231.042489320386,68.1724737981071
28-Aug-2022,250.367269350228,-237.279529653047,71.6955069801102
29-Aug-2022,256.973963509822,-243.250135634015,75.0108334585263
30-Aug-2022,263.842697232422,-249.44812235277,78.5115910135286
31-Aug-2022,270.973470518029,-255.873489809313,82.1977796451171
01-Sep-2022,278.366283366642,-262.526238003643,86.0693993532917
02-Sep-2022,286.021135778262,-269.40636693576,90.1264501380524
03-Sep-2022,293.938027752887,-276.513876605664,94.3689319993993
04-Sep-2022,302.116959290519,-283.848767013355,98.7968449373324
05-Sep-2022,310.557930391157,-291.411038158833,103.410188951852
06-Sep-2022,319.260941054801,-299.200690042098,108.208964042957
07-Sep-2022,328.225991281452,-307.217722663151,113.193170210649
08-Sep-2022,337.453081071109,-315.46213602199,118.362807454926
